deviceIp=192.333.2.6
baiduAccessToken=24.d1f33dd1d10e00d687db97a2d7b196c5.2592000.1559954743.282335-16124064
getAccessTokenTime=1557362646196
ak=ANX9EKyEVXDC58xrOG6qSdFu
sk=8gk7oIGn3RsjV62cQmxrC5cGyCt1yZCG
snapPhotoPath=F://camera//images//